Input: 2.000000 1235.000000 7457.000000
Output: 7455.000000

Input: 3.000000 654.000000 12.000000
Output: 0.004587

Input: 3.000000 8.000000 4.000000
Output: 0.375000

